   1.0000E+00  4.4724E+01  1.2273E+03
   1.2000E+00  2.3168E+01  1.1044E+03
   1.4000E+00  1.7069E+01  1.0505E+03
   1.6000E+00  1.3475E+01  1.0100E+03
   1.8000E+00  1.1071E+01  9.7727E+02
   2.0000E+00  9.3476E+00  9.4966E+02
   2.2000E+00  8.0527E+00  9.2580E+02
   2.4000E+00  7.0465E+00  9.0480E+02
   2.6000E+00  6.2440E+00  8.8607E+02
   2.8000E+00  5.5902E+00  8.6917E+02
   3.0000E+00  5.0485E+00  8.5381E+02
   3.2000E+00  4.5930E+00  8.3972E+02
   3.4000E+00  4.2053E+00  8.2673E+02
   3.6000E+00  3.8718E+00  8.1469E+02
   3.8000E+00  3.5822E+00  8.0347E+02
   4.0000E+00  3.3286E+00  7.9298E+02
   4.2000E+00  3.1050E+00  7.8313E+02
   4.4000E+00  2.9064E+00  7.7384E+02
   4.6000E+00  2.7293E+00  7.6508E+02
   4.8000E+00  2.5703E+00  7.5678E+02
   5.0000E+00  2.4268E+00  7.4890E+02
   5.2000E+00  2.2968E+00  7.4140E+02
   5.4000E+00  2.1785E+00  7.3425E+02
   5.6000E+00  2.0706E+00  7.2741E+02
   5.8000E+00  1.9716E+00  7.2087E+02
   6.0000E+00  1.8808E+00  7.1461E+02
   6.2000E+00  1.7970E+00  7.0859E+02
   6.4000E+00  1.7195E+00  7.0281E+02
   6.6000E+00  1.6477E+00  6.9724E+02
   6.8000E+00  1.5810E+00  6.9188E+02
   7.0000E+00  1.5189E+00  6.8671E+02
   7.2000E+00  1.4610E+00  6.8171E+02
   7.4000E+00  1.4068E+00  6.7688E+02
   7.6000E+00  1.3560E+00  6.7221E+02
   7.8000E+00  1.3084E+00  6.6768E+02
   8.0000E+00  1.2637E+00  6.6329E+02
   8.2000E+00  1.2215E+00  6.5904E+02  
   8.4000E+00  1.1817E+00  6.5490E+02
   8.6000E+00  1.1442E+00  6.5088E+02
   8.8000E+00  1.1087E+00  6.4698E+02
   9.0000E+00  1.0751E+00  6.4318E+02
   9.2000E+00  1.0432E+00  6.3949E+02
   9.4000E+00  1.0129E+00  6.3589E+02
   9.6000E+00  9.8420E-01  6.3238E+02
   9.8000E+00  9.5686E-01  6.2896E+02
   1.0000E+01  9.3082E-01  6.2562E+02
   1.0200E+01  9.0600E-01  6.2236E+02
   1.0400E+01  8.8231E-01  6.1917E+02
   1.0600E+01  8.5969E-01  6.1606E+02
   1.0800E+01  8.3806E-01  6.1302E+02     
   1.1000E+01  8.1737E-01  6.1005E+02
   1.1200E+01  7.9756E-01  6.0714E+02
   1.1400E+01  7.7857E-01  6.0430E+02
   1.1600E+01  7.6036E-01  6.0151E+02
   1.1800E+01  7.4288E-01  5.9878E+02
   1.2000E+01  7.2609E-01  5.9611E+02
   1.2200E+01  7.0996E-01  5.9349E+02
   1.2400E+01  6.9444E-01  5.9091E+02
   1.2600E+01  6.7951E-01  5.8839E+02
   1.2800E+01  6.6513E-01  5.8592E+02
   1.3000E+01  6.4691E-01  1.4549E+03
   1.3200E+01  6.3378E-01  1.4493E+03
   1.3400E+01  6.2113E-01  1.4437E+03
   1.3600E+01  6.0891E-01  1.4383E+03
   1.3800E+01  5.9710E-01  1.4330E+03
   1.4000E+01  5.8570E-01  1.4277E+03
   1.4200E+01  5.7467E-01  1.4226E+03
   1.4400E+01  5.6400E-01  1.4175E+03
   1.4600E+01  5.5368E-01  1.4126E+03
   1.4800E+01  5.4369E-01  1.4077E+03
   1.5000E+01  5.3401E-01  1.4029E+03
   1.5200E+01  5.2463E-01  1.3981E+03
   1.5400E+01  5.1554E-01  1.3935E+03
   1.5600E+01  5.0672E-01  1.3889E+03
   1.5800E+01  4.9817E-01  1.3844E+03
   1.6000E+01  4.8987E-01  1.3799E+03
